1 0 0 NA NA NA
2 0 0 NA NA NA
3 0 0 NA NA NA
4 0 0 NA NA NA
5 0 0 NA NA NA
6 0 0 NA NA NA
7 0 0 NA NA NA
8 0 0 NA NA NA
9 0 0 NA NA NA
10 0 0 NA NA NA
11 0 0 NA NA NA
12 0 0 NA NA NA
13 0 0 NA NA NA
14 0 0 NA NA NA
15 0 0 NA NA NA
16 0 0 NA NA NA
17 0 0 NA NA NA
18 0 0 NA NA NA
19 0 0 NA NA NA
20 0 0 NA NA NA
21 0 0 NA NA NA
22 0 0 NA NA NA
23 0 0 NA NA NA
24 0 0 NA NA NA
32 1 20 NA NA NA
42 1 20 NA NA NA
43 1 20 NA NA NA
49 1 20 NA NA NA
186 4 23 NA NA NA
197 4 23 NA NA NA
212 4 23 NA NA NA
267 6 22 NA NA NA
277 6 22 NA NA NA
335 7 21 NA NA NA
457 10 15 NA NA NA
471 10 15 NA NA NA
486 10 15 NA NA NA
493 10 15 NA NA NA
495 10 15 NA NA NA
497 10 15 NA NA NA
530 11 24 NA NA NA
539 11 24 NA NA NA
554 12 19 NA NA NA
569 12 19 NA NA NA
573 12 19 NA NA NA
579 12 19 NA NA NA
590 12 19 NA NA NA
594 12 19 NA NA NA
618 43 197 NA NA NA
631 43 197 NA NA NA
637 43 197 NA NA NA
641 43 197 NA NA NA
642 43 197 NA NA NA
651 569 530 NA NA NA
672 569 530 NA NA NA
674 569 530 NA NA NA
692 569 530 NA NA NA
693 569 530 NA NA NA
698 267 493 NA NA NA
704 267 493 NA NA NA
705 267 493 NA NA NA
728 267 493 NA NA NA
735 267 493 NA NA NA
782 471 594 NA NA NA
799 32 212 NA NA NA
800 32 212 NA NA NA
824 32 212 NA NA NA
898 277 497 NA NA NA
1002 42 495 NA NA NA
1023 42 495 NA NA NA
1043 573 539 NA NA NA
1097 186 486 NA NA NA
1179 618 692 NA NA NA
1188 618 692 NA NA NA
1201 618 692 NA NA NA
1219 618 692 NA NA NA
1220 618 692 NA NA NA
1222 618 692 NA NA NA
1235 651 637 NA NA NA
1268 651 637 NA NA NA
1275 1097 642 NA NA NA
1278 1097 642 NA NA NA
1291 1097 642 NA NA NA
1366 705 641 NA NA NA
1482 704 693 NA NA NA
1485 704 693 NA NA NA
1534 698 728 NA NA NA
1540 698 728 NA NA NA
1551 698 728 NA NA NA
1554 698 728 NA NA NA
1555 698 728 NA NA NA
1672 800 824 NA NA NA
1675 800 824 NA NA NA
1682 800 824 NA NA NA
1689 800 824 NA NA NA
1705 672 782 NA NA NA
1753 1672 1689 4 26 24.173
1754 1672 1689 4 25 19.6878
1755 1672 1689 4 26 20.3125
1756 1672 1689 4 23 12.8313
1757 1672 1689 4 22 29.0976
1758 1672 1689 4 22 21.4136
1759 1672 1689 4 23 16.6953
1760 1672 1689 4 23 18.2472
1761 1672 1689 4 24 20.8106
1762 1672 1689 4 25 32.1328
1763 1672 1689 4 22 21.9649
1764 1672 1689 4 22 20.3214
1765 1672 1689 4 19 11.1257
1766 1672 1689 4 22 19.8996
1767 1672 1689 4 21 27.455
1768 1672 1689 4 19 18.6232
1769 1672 1689 4 16 18.7274
1770 1672 1689 4 20 16.9317
1771 1672 1689 4 23 30.4988
1772 1672 1689 4 24 24.5275
1773 1672 1689 4 18 20.2668
1774 1672 1689 4 16 13.1037
1775 1672 1689 4 23 19.7443
1776 1672 1689 4 23 13.3685
1777 1672 1689 4 26 19.2809
1778 1672 1689 4 21 30.1475
1779 1672 1689 4 20 18.8813
1780 1672 1689 4 19 11.484
1781 1672 1689 4 24 14.5762
1782 1672 1689 4 24 12.0471
1783 1672 1689 4 28 21.8539
1784 1672 1689 4 25 26.8243
1785 1672 1689 4 27 22.1473
1786 1672 1689 4 27 29.6516
1787 1672 1689 4 23 27.533
1788 1672 1689 4 23 25.3164
1789 1672 1689 4 23 26.9563
1790 1672 1689 4 27 19.7225
1791 1672 1689 4 21 14.6317
1792 1672 1689 4 25 27.5073
1793 1672 1689 4 24 24.6477
1794 1672 1689 4 24 29.4966
1795 1672 1689 4 20 32.3223
1796 1672 1689 4 22 25.8358
1797 1672 1689 4 27 23.3366
1798 1672 1689 4 27 23.222
1799 1672 1689 4 22 15.4381
1800 1672 1689 4 23 28.2829
1801 1235 1554 4 16 22.1567
1802 1235 1554 4 23 23.5365
1803 1235 1554 4 21 19.5071
1804 1235 1554 4 16 16.9085
1805 1235 1554 4 22 23.4816
1806 1235 1554 4 29 23.9723
1807 1235 1554 4 21 23.3537
1808 1235 1554 4 19 15.365
1809 1235 1554 4 22 23.4635
1810 1235 1554 4 24 16.211
1811 1235 1554 4 19 25.7
1812 1235 1554 4 18 12.6258
1813 1235 1554 4 24 17.7015
1814 1235 1554 4 17 16.5223
1815 1235 1554 4 22 35.5967
1816 1235 1554 4 22 25.2479
1817 1235 1554 4 19 2.6266
1818 1235 1554 4 17 19.5315
1819 1235 1554 4 16 12.5938
1820 1235 1554 4 20 24.1832
1821 1235 1554 4 17 15.1567
1822 1235 1554 4 22 33.0497
1823 1235 1554 4 23 29.9312
1824 1235 1554 4 25 17.2331
1825 1235 1554 4 20 25.7179
1826 1235 1554 4 13 13.3953
1827 1235 1554 4 22 7.4726
1828 1235 1554 4 19 28.2987
1829 1235 1554 4 18 13.8551
1830 1235 1554 4 21 23.7898
1831 1235 1554 4 20 18.3529
1832 1235 1554 4 18 13.7584
1833 1235 1554 4 23 29.9735
1834 1235 1554 4 27 27.1674
1835 1235 1554 4 24 18.8612
1836 1235 1554 4 21 37.1899
1837 1235 1554 4 18 25.1187
1838 1235 1554 4 24 36.5171
1839 1235 1554 4 16 16.542
1840 1235 1554 4 17 13.2983
1841 1235 1554 4 22 20.3459
1842 1235 1554 4 21 30.2014
1843 1235 1554 4 20 18.2113
1844 1235 1554 4 24 20.3043
1845 1235 1554 4 21 16.6483
1846 1235 1554 4 20 22.7681
1847 1235 1554 4 19 22.2224
1848 1235 1554 4 20 23.5543
1849 1675 1222 4 20 14.5615
1850 1675 1222 4 20 20.6273
1851 1675 1222 4 22 18.8798
1852 1675 1222 4 20 26.529
1853 1675 1222 4 18 14.8679
1854 1675 1222 4 22 25.2818
1855 1675 1222 4 25 25.2654
1856 1675 1222 4 20 15.769
1857 1675 1222 4 24 13.4872
1858 1675 1222 4 19 17.3045
1859 1675 1222 4 22 22.9702
1860 1675 1222 4 22 22.3054
1861 1675 1222 4 20 19.5405
1862 1675 1222 4 25 19.7729
1863 1675 1222 4 20 18.8487
1864 1675 1222 4 16 15.4766
1865 1675 1222 4 30 20.627
1866 1675 1222 4 23 25.9422
1867 1675 1222 4 18 14.7692
1868 1675 1222 4 22 28.3482
1869 1675 1222 4 26 27.3009
1870 1675 1222 4 23 21.2538
1871 1675 1222 4 22 16.5926
1872 1675 1222 4 22 27.1017
1873 1675 1222 4 21 14.5746
1874 1675 1222 4 21 19.8193
1875 1675 1222 4 21 15.4822
1876 1675 1222 4 21 32.1532
1877 1675 1222 4 19 21.6316
1878 1675 1222 4 25 21.2077
1879 1675 1222 4 22 17.3058
1880 1675 1222 4 23 22.4141
1881 1675 1222 4 20 29.3047
1882 1675 1222 4 23 25.492
1883 1675 1222 4 21 28.4474
1884 1675 1222 4 23 28.724
1885 1675 1222 4 16 17.8865
1886 1675 1222 4 19 18.682
1887 1675 1222 4 26 37.2241
1888 1675 1222 4 24 21.3859
1889 1675 1222 4 20 16.6432
1890 1675 1222 4 21 23.2377
1891 1675 1222 4 19 25.8028
1892 1675 1222 4 22 24.2221
1893 1675 1222 4 15 17.4704
1894 1675 1222 4 23 16.7864
1895 1675 1222 4 18 19.3652
1896 1675 1222 4 22 15.8718
1897 1179 1540 4 19 23.1747
1898 1179 1540 4 21 24.1932
1899 1179 1540 4 22 26.2415
1900 1179 1540 4 23 21.4558
1901 1179 1540 4 24 23.8266
1902 1179 1540 4 19 22.2307
1903 1179 1540 4 20 19.0794
1904 1179 1540 4 23 8.3747
1905 1179 1540 4 22 19.7524
1906 1179 1540 4 24 20.024
1907 1179 1540 4 21 18.1644
1908 1179 1540 4 24 24.5295
1909 1179 1540 4 23 26.6102
1910 1179 1540 4 24 32.3473
1911 1179 1540 4 18 14.7698
1912 1179 1540 4 19 12.6982
1913 1179 1540 4 15 9.857
1914 1179 1540 4 26 34.5741
1915 1179 1540 4 21 7.076
1916 1179 1540 4 30 35.1309
1917 1179 1540 4 17 11.3233
1918 1179 1540 4 22 22.8089
1919 1179 1540 4 22 17.8519
1920 1179 1540 4 17 24.9544
1921 1179 1540 4 25 24.841
1922 1179 1540 4 25 27.7705
1923 1179 1540 4 17 19.5377
1924 1179 1540 4 20 16.2179
1925 1179 1540 4 18 16.8122
1926 1179 1540 4 25 31.3492
1927 1179 1540 4 22 20.4113
1928 1179 1540 4 25 28.3033
1929 1179 1540 4 22 16.7127
1930 1179 1540 4 19 5.2344
1931 1179 1540 4 24 31.5081
1932 1179 1540 4 20 22.5921
1933 1179 1540 4 16 16.9079
1934 1179 1540 4 20 11.9732
1935 1179 1540 4 19 18.1335
1936 1179 1540 4 20 15.7193
1937 1179 1540 4 26 22.8093
1938 1179 1540 4 17 22.8441
1939 1179 1540 4 21 11.7909
1940 1179 1540 4 21 17.1356
1941 1179 1540 4 20 20.3404
1942 1179 1540 4 22 22.7977
1943 1179 1540 4 28 23.0075
1944 1179 1540 4 19 12.9354
1945 1188 1268 4 24 18.489
1946 1188 1268 4 16 17.1897
1947 1188 1268 4 23 24.6637
1948 1188 1268 4 18 19.7817
1949 1188 1268 4 21 17.4225
1950 1188 1268 4 19 18.2704
1951 1188 1268 4 21 19.6983
1952 1188 1268 4 21 22.9306
1953 1188 1268 4 21 16.1272
1954 1188 1268 4 22 17.0172
1955 1188 1268 4 26 23.5504
1956 1188 1268 4 22 29.8809
1957 1188 1268 4 19 10.4109
1958 1188 1268 4 21 23.4747
1959 1188 1268 4 16 16.7622
1960 1188 1268 4 16 15.3267
1961 1188 1268 4 20 22.8896
1962 1188 1268 4 27 27.2038
1963 1188 1268 4 17 24.3316
1964 1188 1268 4 22 23.5866
1965 1188 1268 4 16 15.8617
1966 1188 1268 4 20 16.8955
1967 1188 1268 4 16 16.307
1968 1188 1268 4 19 12.9652
1969 1188 1268 4 19 25.2373
1970 1188 1268 4 16 26.1699
1971 1188 1268 4 14 7.9084
1972 1188 1268 4 25 18.5947
1973 1188 1268 4 24 19.3542
1974 1188 1268 4 26 14.1578
1975 1188 1268 4 14 9.7149
1976 1188 1268 4 15 17.07
1977 1188 1268 4 16 18.3402
1978 1188 1268 4 17 16.644
1979 1188 1268 4 18 16.0393
1980 1188 1268 4 19 8.7681
1981 1188 1268 4 14 12.0829
1982 1188 1268 4 19 17.5741
1983 1188 1268 4 22 26.2348
1984 1188 1268 4 16 14.2235
1985 1188 1268 4 20 13.5071
1986 1188 1268 4 18 19.8039
1987 1188 1268 4 20 14.9516
1988 1188 1268 4 23 6.6452
1989 1188 1268 4 24 26.4819
1990 1188 1268 4 18 24.0904
1991 1188 1268 4 24 26.1849
1992 1188 1268 4 19 29.6617
1993 1485 1366 4 14 9.3601
1994 1485 1366 4 17 7.8715
1995 1485 1366 4 13 15.718
1996 1485 1366 4 20 17.3135
1997 1485 1366 4 17 18.4649
1998 1485 1366 4 19 22.8683
1999 1485 1366 4 11 10.9403
2000 1485 1366 4 11 14.4364
2001 1485 1366 4 19 16.8228
2002 1485 1366 4 17 19.0641
2003 1485 1366 4 20 22.7628
2004 1485 1366 4 15 16.8133
2005 1485 1366 4 16 11.4549
2006 1485 1366 4 19 24.5922
2007 1485 1366 4 14 15.4774
2008 1485 1366 4 15 20.5469
2009 1485 1366 4 18 8.7719
2010 1485 1366 4 25 19.2808
2011 1485 1366 4 23 33.4438
2012 1485 1366 4 20 20.9835
2013 1485 1366 4 13 18.1415
2014 1485 1366 4 17 9.1585
2015 1485 1366 4 19 11.4179
2016 1485 1366 4 19 16.5076
2017 1485 1366 4 18 24.5049
2018 1485 1366 4 19 20.1338
2019 1485 1366 4 15 14.3136
2020 1485 1366 4 17 18.8576
2021 1485 1366 4 21 17.9595
2022 1485 1366 4 16 14.7336
2023 1485 1366 4 14 7.7109
2024 1485 1366 4 21 21.426
2025 1485 1366 4 20 31.4017
2026 1485 1366 4 16 17.9323
2027 1485 1366 4 16 15.6332
2028 1485 1366 4 17 11.7423
2029 1485 1366 4 18 11.4448
2030 1485 1366 4 18 25.3876
2031 1485 1366 4 23 15.9136
2032 1485 1366 4 18 17.5203
2033 1485 1366 4 20 18.7524
2034 1485 1366 4 16 18.9554
2035 1485 1366 4 17 20.2962
2036 1485 1366 4 18 16.0451
2037 1485 1366 4 19 23.6062
2038 1485 1366 4 18 14.3459
2039 1485 1366 4 14 14.2796
2040 1485 1366 4 17 5.9586
2041 1291 1219 4 21 22.5143
2042 1291 1219 4 22 12.0212
2043 1291 1219 4 17 8.5612
2044 1291 1219 4 12 2.0897
2045 1291 1219 4 13 13.8943
2046 1291 1219 4 17 8.3116
2047 1291 1219 4 21 27.9945
2048 1291 1219 4 21 25.2208
2049 1291 1219 4 22 23.1621
2050 1291 1219 4 20 10.6745
2051 1291 1219 4 20 28.7884
2052 1291 1219 4 15 22.9418
2053 1291 1219 4 15 12.0154
2054 1291 1219 4 24 27.2553
2055 1291 1219 4 25 22.0715
2056 1291 1219 4 18 18.5885
2057 1291 1219 4 21 18.7832
2058 1291 1219 4 22 30.4744
2059 1291 1219 4 13 11.8099
2060 1291 1219 4 17 14.0703
2061 1291 1219 4 12 8.601
2062 1291 1219 4 15 12.8438
2063 1291 1219 4 20 19.5901
2064 1291 1219 4 21 19.523
2065 1291 1219 4 15 20.1106
2066 1291 1219 4 17 17.4267
2067 1291 1219 4 14 16.9916
2068 1291 1219 4 10 -0.0668
2069 1291 1219 4 16 18.1783
2070 1291 1219 4 15 6.0519
2071 1291 1219 4 20 20.3705
2072 1291 1219 4 18 14.3585
2073 1291 1219 4 21 25.6761
2074 1291 1219 4 20 19.1724
2075 1291 1219 4 19 19.9514
2076 1291 1219 4 20 24.5009
2077 1291 1219 4 19 21.4398
2078 1291 1219 4 20 15.4604
2079 1291 1219 4 17 12.1821
2080 1291 1219 4 16 9.3062
2081 1291 1219 4 16 14.8873
2082 1291 1219 4 25 17.3614
2083 1291 1219 4 19 15.7874
2084 1291 1219 4 17 20.0354
2085 1291 1219 4 18 18.4523
2086 1291 1219 4 16 18.6066
2087 1291 1219 4 22 21.6399
2088 1291 1219 4 16 4.7693
2089 1705 1551 4 13 12.7732
2090 1705 1551 4 16 19.0576
2091 1705 1551 4 17 14.0415
2092 1705 1551 4 16 17.6208
2093 1705 1551 4 18 26.5022
2094 1705 1551 4 20 18.2256
2095 1705 1551 4 15 17.3101
2096 1705 1551 4 16 19.234
2097 1705 1551 4 17 23.5716
2098 1705 1551 4 13 11.4166
2099 1705 1551 4 18 13.2511
2100 1705 1551 4 14 18.3004
2101 1705 1551 4 16 23.9009
2102 1705 1551 4 14 14.1249
2103 1705 1551 4 17 14.129
2104 1705 1551 4 17 20.5684
2105 1705 1551 4 21 20.1408
2106 1705 1551 4 17 14.3687
2107 1705 1551 4 20 15.1049
2108 1705 1551 4 20 24.349
2109 1705 1551 4 16 10.1257
2110 1705 1551 4 14 13.1963
2111 1705 1551 4 13 12.6894
2112 1705 1551 4 14 14.1449
2113 1705 1551 4 18 18.0488
2114 1705 1551 4 21 30.3634
2115 1705 1551 4 15 24.1866
2116 1705 1551 4 19 17.4507
2117 1705 1551 4 11 5.1019
2118 1705 1551 4 15 11.8798
2119 1705 1551 4 17 16.982
2120 1705 1551 4 18 16.1768
2121 1705 1551 4 21 29.3361
2122 1705 1551 4 15 19.7642
2123 1705 1551 4 19 25.8359
2124 1705 1551 4 12 13.4077
2125 1705 1551 4 12 8.435
2126 1705 1551 4 17 19.4701
2127 1705 1551 4 20 24.4324
2128 1705 1551 4 15 23.3249
2129 1705 1551 4 20 24.1451
2130 1705 1551 4 18 7.8145
2131 1705 1551 4 13 9.6202
2132 1705 1551 4 19 22.1725
2133 1705 1551 4 13 19.2981
2134 1705 1551 4 16 25.2213
2135 1705 1551 4 20 15.9626
2136 1705 1551 4 16 15.8428
2137 1482 1220 4 17 13.1234
2138 1482 1220 4 16 15.1981
2139 1482 1220 4 14 8.7032
2140 1482 1220 4 18 15.2658
2141 1482 1220 4 16 22.8057
2142 1482 1220 4 15 22.8432
2143 1482 1220 4 18 19.2081
2144 1482 1220 4 17 8.2902
2145 1482 1220 4 11 10.251
2146 1482 1220 4 14 11.7993
2147 1482 1220 4 20 27.5897
2148 1482 1220 4 23 14.4763
2149 1482 1220 4 14 11.972
2150 1482 1220 4 14 14.7766
2151 1482 1220 4 16 16.7592
2152 1482 1220 4 13 14.4453
2153 1482 1220 4 16 17.5041
2154 1482 1220 4 16 3.5282
2155 1482 1220 4 18 17.0084
2156 1482 1220 4 20 16.9618
2157 1482 1220 4 16 23.0291
2158 1482 1220 4 16 21.8601
2159 1482 1220 4 21 22.6707
2160 1482 1220 4 17 22.1357
2161 1482 1220 4 17 24.0001
2162 1482 1220 4 14 19.9097
2163 1482 1220 4 18 13.6364
2164 1482 1220 4 15 17.4343
2165 1482 1220 4 18 16.3865
2166 1482 1220 4 11 6.1328
2167 1482 1220 4 18 29.1977
2168 1482 1220 4 16 7.8979
2169 1482 1220 4 16 15.6262
2170 1482 1220 4 14 17.4134
2171 1482 1220 4 16 20.2738
2172 1482 1220 4 16 4.5095
2173 1482 1220 4 23 14.5391
2174 1482 1220 4 18 19.3453
2175 1482 1220 4 17 27.6576
2176 1482 1220 4 15 19.1058
2177 1482 1220 4 12 25.1005
2178 1482 1220 4 16 19.3608
2179 1482 1220 4 16 11.6785
2180 1482 1220 4 18 12.9471
2181 1482 1220 4 19 18.3059
2182 1482 1220 4 17 13.8575
2183 1482 1220 4 13 14.6647
2184 1482 1220 4 14 18.5674
2185 1275 1682 4 22 27.6897
2186 1275 1682 4 12 15.7885
2187 1275 1682 4 21 27.774
2188 1275 1682 4 22 20.2281
2189 1275 1682 4 14 11.6898
2190 1275 1682 4 20 17.3044
2191 1275 1682 4 20 22.4561
2192 1275 1682 4 13 14.8359
2193 1275 1682 4 19 22.9537
2194 1275 1682 4 16 9.7085
2195 1275 1682 4 19 20.0178
2196 1275 1682 4 10 3.5829
2197 1275 1682 4 9 18.3108
2198 1275 1682 4 8 4.9829
2199 1275 1682 4 18 21.5789
2200 1275 1682 4 14 5.5258
2201 1275 1682 4 19 18.3648
2202 1275 1682 4 11 13.0363
2203 1275 1682 4 9 7.0585
2204 1275 1682 4 15 11.2644
2205 1275 1682 4 12 5.8297
2206 1275 1682 4 20 25.8606
2207 1275 1682 4 22 19.6171
2208 1275 1682 4 12 11.8708
2209 1275 1682 4 24 34.3323
2210 1275 1682 4 12 17.2148
2211 1275 1682 4 16 24.9465
2212 1275 1682 4 14 14.5957
2213 1275 1682 4 18 25.642
2214 1275 1682 4 17 25.3931
2215 1275 1682 4 18 12.1111
2216 1275 1682 4 14 22.0559
2217 1275 1682 4 19 25.6581
2218 1275 1682 4 16 11.2935
2219 1275 1682 4 13 17.1311
2220 1275 1682 4 17 12.602
2221 1275 1682 4 18 18.6613
2222 1275 1682 4 26 33.2397
2223 1275 1682 4 14 25.8844
2224 1275 1682 4 16 11.7864
2225 1275 1682 4 25 21.0063
2226 1275 1682 4 18 16.8612
2227 1275 1682 4 16 16.7929
2228 1275 1682 4 21 20.0399
2229 1275 1682 4 15 11.5008
2230 1275 1682 4 5 10.8096
2231 1275 1682 4 23 30.5443
2232 1275 1682 4 22 17.9765
2233 1278 1555 4 18 15.0043
2234 1278 1555 4 19 19.1487
2235 1278 1555 4 22 25.3551
2236 1278 1555 4 22 10.5808
2237 1278 1555 4 14 18.6806
2238 1278 1555 4 21 23.2493
2239 1278 1555 4 23 25.0845
2240 1278 1555 4 25 29.2539
2241 1278 1555 4 25 15.467
2242 1278 1555 4 19 28.7547
2243 1278 1555 4 20 20.1131
2244 1278 1555 4 21 21.2074
2245 1278 1555 4 17 18.5171
2246 1278 1555 4 25 29.5153
2247 1278 1555 4 24 21.2698
2248 1278 1555 4 22 25.0351
2249 1278 1555 4 13 6.4896
2250 1278 1555 4 12 12.8691
2251 1278 1555 4 12 8.9005
2252 1278 1555 4 18 11.3724
2253 1278 1555 4 21 12.6863
2254 1278 1555 4 18 21.2269
2255 1278 1555 4 17 19.8144
2256 1278 1555 4 21 22.5992
2257 1278 1555 4 24 17.699
2258 1278 1555 4 22 20.3748
2259 1278 1555 4 17 15.6212
2260 1278 1555 4 17 20.284
2261 1278 1555 4 20 21.9806
2262 1278 1555 4 21 19.2061
2263 1278 1555 4 23 28.4196
2264 1278 1555 4 18 18.5712
2265 1278 1555 4 16 20.3226
2266 1278 1555 4 22 13.8068
2267 1278 1555 4 18 12.9156
2268 1278 1555 4 18 25.4273
2269 1278 1555 4 22 28.1412
2270 1278 1555 4 13 14.0188
2271 1278 1555 4 17 18.1281
2272 1278 1555 4 17 26.7787
2273 1278 1555 4 22 16.9788
2274 1278 1555 4 17 23.3668
2275 1278 1555 4 29 14.8491
2276 1278 1555 4 18 21.59
2277 1278 1555 4 20 25.3408
2278 1278 1555 4 22 17.4681
2279 1278 1555 4 21 18.3824
2280 1278 1555 4 19 20.7506
2281 1534 1201 4 16 15.6009
2282 1534 1201 4 16 17.7746
2283 1534 1201 4 20 11.4245
2284 1534 1201 4 14 12.5516
2285 1534 1201 4 11 10.7505
2286 1534 1201 4 19 24.7991
2287 1534 1201 4 17 12.7065
2288 1534 1201 4 18 30.8928
2289 1534 1201 4 18 21.4151
2290 1534 1201 4 18 23.7578
2291 1534 1201 4 21 23.509
2292 1534 1201 4 17 29.6179
2293 1534 1201 4 20 18.9821
2294 1534 1201 4 14 12.4872
2295 1534 1201 4 15 11.1103
2296 1534 1201 4 19 19.7412
2297 1534 1201 4 10 13.046
2298 1534 1201 4 20 22.4708
2299 1534 1201 4 15 16.0274
2300 1534 1201 4 24 30.8412
2301 1534 1201 4 18 0.7377
2302 1534 1201 4 15 6.2818
2303 1534 1201 4 19 13.8038
2304 1534 1201 4 24 17.475
2305 1534 1201 4 12 21.4446
2306 1534 1201 4 12 13.6268
2307 1534 1201 4 18 8.2335
2308 1534 1201 4 19 4.8553
2309 1534 1201 4 14 9.9513
2310 1534 1201 4 20 17.2418
2311 1534 1201 4 13 10.0629
2312 1534 1201 4 27 31.6579
2313 1534 1201 4 19 15.8363
2314 1534 1201 4 24 18.4124
2315 1534 1201 4 20 15.3263
2316 1534 1201 4 16 16.9787
2317 1534 1201 4 14 17.9519
2318 1534 1201 4 19 18.7824
2319 1534 1201 4 19 23.0204
2320 1534 1201 4 21 21.6376
2321 1534 1201 4 18 18.1636
2322 1534 1201 4 12 11.2564
2323 1534 1201 4 15 9.0333
2324 1534 1201 4 24 30.9462
2325 1534 1201 4 13 7.6853
2326 1534 1201 4 17 7.8115
2327 1534 1201 4 24 18.6973
2328 1534 1201 4 13 2.9297
