1 0 0 NA NA NA
2 0 0 NA NA NA
3 0 0 NA NA NA
4 0 0 NA NA NA
5 0 0 NA NA NA
6 0 0 NA NA NA
7 0 0 NA NA NA
8 0 0 NA NA NA
9 0 0 NA NA NA
10 0 0 NA NA NA
11 0 0 NA NA NA
12 0 0 NA NA NA
13 0 0 NA NA NA
14 0 0 NA NA NA
15 0 0 NA NA NA
16 0 0 NA NA NA
17 0 0 NA NA NA
18 0 0 NA NA NA
19 0 0 NA NA NA
20 0 0 NA NA NA
21 0 0 NA NA NA
22 0 0 NA NA NA
23 0 0 NA NA NA
24 0 0 NA NA NA
45 1 22 NA NA NA
50 1 22 NA NA NA
71 1 22 NA NA NA
76 2 16 NA NA NA
83 2 16 NA NA NA
84 2 16 NA NA NA
97 2 16 NA NA NA
102 2 16 NA NA NA
105 2 16 NA NA NA
108 2 16 NA NA NA
128 3 17 NA NA NA
159 3 17 NA NA NA
197 4 23 NA NA NA
267 6 20 NA NA NA
289 6 20 NA NA NA
329 7 13 NA NA NA
332 7 13 NA NA NA
333 7 13 NA NA NA
342 7 13 NA NA NA
349 7 13 NA NA NA
479 10 15 NA NA NA
483 10 15 NA NA NA
554 12 14 NA NA NA
570 12 14 NA NA NA
602 128 349 NA NA NA
627 128 349 NA NA NA
643 128 349 NA NA NA
704 554 342 NA NA NA
708 554 342 NA NA NA
716 554 342 NA NA NA
717 554 342 NA NA NA
722 554 342 NA NA NA
728 554 342 NA NA NA
729 554 342 NA NA NA
733 554 342 NA NA NA
802 84 159 NA NA NA
807 84 159 NA NA NA
831 84 159 NA NA NA
833 84 159 NA NA NA
842 83 108 NA NA NA
855 83 108 NA NA NA
863 83 108 NA NA NA
936 479 197 NA NA NA
1009 76 50 NA NA NA
1023 76 50 NA NA NA
1088 332 97 NA NA NA
1126 332 97 NA NA NA
1138 329 71 NA NA NA
1191 717 643 NA NA NA
1201 717 643 NA NA NA
1224 717 643 NA NA NA
1275 1088 627 NA NA NA
1286 1088 627 NA NA NA
1308 1088 627 NA NA NA
1320 1088 627 NA NA NA
1345 602 733 NA NA NA
1352 602 733 NA NA NA
1421 708 1009 NA NA NA
1466 704 833 NA NA NA
1487 704 833 NA NA NA
1500 704 833 NA NA NA
1508 704 833 NA NA NA
1571 842 1126 NA NA NA
1578 842 1126 NA NA NA
1581 842 1126 NA NA NA
1600 842 1126 NA NA NA
1611 855 728 NA NA NA
1612 855 728 NA NA NA
1625 855 728 NA NA NA
1643 855 728 NA NA NA
1747 1138 722 NA NA NA
1752 1138 722 NA NA NA
1753 1578 1643 4 19 26.0674
1754 1578 1643 4 25 23.2856
1755 1578 1643 4 17 14.7302
1756 1578 1643 4 20 25.9325
1757 1578 1643 4 24 22.2206
1758 1578 1643 4 14 12.1247
1759 1578 1643 4 20 9.2682
1760 1578 1643 4 14 10.4167
1761 1578 1643 4 19 20.0283
1762 1578 1643 4 17 9.7081
1763 1578 1643 4 22 11.8989
1764 1578 1643 4 22 21.141
1765 1578 1643 4 17 19.5056
1766 1578 1643 4 16 23.3959
1767 1578 1643 4 20 17.1657
1768 1578 1643 4 20 14.1734
1769 1578 1643 4 22 10.4206
1770 1578 1643 4 13 15.162
1771 1578 1643 4 18 14.1263
1772 1578 1643 4 18 24.176
1773 1578 1643 4 18 15.4269
1774 1578 1643 4 23 24.1155
1775 1578 1643 4 24 21.847
1776 1578 1643 4 17 19.2374
1777 1578 1643 4 21 19.9192
1778 1578 1643 4 21 22.1452
1779 1578 1643 4 20 15.2572
1780 1578 1643 4 17 10.812
1781 1578 1643 4 17 13.0575
1782 1578 1643 4 22 33.5382
1783 1578 1643 4 21 11.7822
1784 1578 1643 4 17 24.7553
1785 1578 1643 4 23 29.4485
1786 1578 1643 4 20 20.7098
1787 1578 1643 4 20 19.5501
1788 1578 1643 4 24 26.7269
1789 1578 1643 4 20 10.6062
1790 1578 1643 4 21 8.5695
1791 1578 1643 4 20 19.7153
1792 1578 1643 4 17 20.9127
1793 1578 1643 4 22 27.7255
1794 1578 1643 4 15 3.2961
1795 1578 1643 4 19 12.6617
1796 1578 1643 4 17 27.3511
1797 1578 1643 4 20 17.2067
1798 1578 1643 4 20 26.6837
1799 1578 1643 4 18 23.2071
1800 1578 1643 4 19 19.5623
1801 1581 1752 4 16 18.7322
1802 1581 1752 4 22 22.0302
1803 1581 1752 4 30 27.38
1804 1581 1752 4 18 18.4639
1805 1581 1752 4 21 13.9926
1806 1581 1752 4 14 13.3104
1807 1581 1752 4 20 21.5871
1808 1581 1752 4 18 13.4118
1809 1581 1752 4 19 22.3656
1810 1581 1752 4 24 27.989
1811 1581 1752 4 16 20.6691
1812 1581 1752 4 12 20.9233
1813 1581 1752 4 27 24.5563
1814 1581 1752 4 20 19.4748
1815 1581 1752 4 22 24.2065
1816 1581 1752 4 16 19.0843
1817 1581 1752 4 21 27.8986
1818 1581 1752 4 20 24.8345
1819 1581 1752 4 20 12.2731
1820 1581 1752 4 21 34.8569
1821 1581 1752 4 18 19.5181
1822 1581 1752 4 25 27.0854
1823 1581 1752 4 18 19.7161
1824 1581 1752 4 13 8.6941
1825 1581 1752 4 22 26.0923
1826 1581 1752 4 21 26.9568
1827 1581 1752 4 10 12.1474
1828 1581 1752 4 20 19.9409
1829 1581 1752 4 17 18.4023
1830 1581 1752 4 17 12.3886
1831 1581 1752 4 18 18.6661
1832 1581 1752 4 24 31.6807
1833 1581 1752 4 18 16.3886
1834 1581 1752 4 19 18.7511
1835 1581 1752 4 19 22.1595
1836 1581 1752 4 23 24.6416
1837 1581 1752 4 19 14.4488
1838 1581 1752 4 23 28.4641
1839 1581 1752 4 25 19.3798
1840 1581 1752 4 18 21.7397
1841 1581 1752 4 13 13.6138
1842 1581 1752 4 16 12.4337
1843 1581 1752 4 11 8.7198
1844 1581 1752 4 18 10.6879
1845 1581 1752 4 13 20.6043
1846 1581 1752 4 24 26.7589
1847 1581 1752 4 24 39.9468
1848 1581 1752 4 14 18.7244
1849 1611 1224 4 16 13.2066
1850 1611 1224 4 28 29.8921
1851 1611 1224 4 23 23.1131
1852 1611 1224 4 24 26.2622
1853 1611 1224 4 24 20.7097
1854 1611 1224 4 26 22.6318
1855 1611 1224 4 27 11.6801
1856 1611 1224 4 28 19.8673
1857 1611 1224 4 35 28.4011
1858 1611 1224 4 25 23.206
1859 1611 1224 4 25 17.5179
1860 1611 1224 4 22 36.906
1861 1611 1224 4 31 28.6913
1862 1611 1224 4 22 23.993
1863 1611 1224 4 26 25.2335
1864 1611 1224 4 25 19.8509
1865 1611 1224 4 30 29.5317
1866 1611 1224 4 24 25.533
1867 1611 1224 4 26 22.3371
1868 1611 1224 4 32 39.2486
1869 1611 1224 4 21 28.1738
1870 1611 1224 4 27 22.4345
1871 1611 1224 4 31 20.5669
1872 1611 1224 4 26 29.1066
1873 1611 1224 4 25 27.0983
1874 1611 1224 4 28 24.7729
1875 1611 1224 4 29 22.6984
1876 1611 1224 4 24 26.0503
1877 1611 1224 4 24 22.5171
1878 1611 1224 4 20 17.3357
1879 1611 1224 4 25 35.8895
1880 1611 1224 4 20 15.3574
1881 1611 1224 4 24 16.1876
1882 1611 1224 4 22 26.726
1883 1611 1224 4 25 23.8421
1884 1611 1224 4 32 26.738
1885 1611 1224 4 27 24.5432
1886 1611 1224 4 21 13.2018
1887 1611 1224 4 27 25.2817
1888 1611 1224 4 27 34.3227
1889 1611 1224 4 22 29.3823
1890 1611 1224 4 25 26.3583
1891 1611 1224 4 29 15.6461
1892 1611 1224 4 34 38.2104
1893 1611 1224 4 26 28.8221
1894 1611 1224 4 27 33.8847
1895 1611 1224 4 25 14.8204
1896 1611 1224 4 29 29.8849
1897 1286 1352 4 16 22.7412
1898 1286 1352 4 17 15.715
1899 1286 1352 4 20 8.8099
1900 1286 1352 4 14 26.0132
1901 1286 1352 4 24 18.2201
1902 1286 1352 4 25 32.4273
1903 1286 1352 4 25 28.175
1904 1286 1352 4 17 24.9591
1905 1286 1352 4 20 9.2833
1906 1286 1352 4 19 23.0342
1907 1286 1352 4 19 25.9245
1908 1286 1352 4 20 15.2252
1909 1286 1352 4 14 15.1998
1910 1286 1352 4 18 14.2895
1911 1286 1352 4 17 18.0357
1912 1286 1352 4 18 20.5747
1913 1286 1352 4 23 25.2392
1914 1286 1352 4 19 14.1425
1915 1286 1352 4 17 14.0161
1916 1286 1352 4 19 10.0373
1917 1286 1352 4 23 24.8829
1918 1286 1352 4 21 17.8195
1919 1286 1352 4 20 18.9998
1920 1286 1352 4 21 21.3079
1921 1286 1352 4 23 30.8918
1922 1286 1352 4 24 26.5025
1923 1286 1352 4 19 17.0153
1924 1286 1352 4 24 16.8783
1925 1286 1352 4 23 18.8724
1926 1286 1352 4 18 12.7111
1927 1286 1352 4 15 18.0424
1928 1286 1352 4 17 22.2418
1929 1286 1352 4 23 24.007
1930 1286 1352 4 17 11.6431
1931 1286 1352 4 18 21.4204
1932 1286 1352 4 20 16.1526
1933 1286 1352 4 21 23.0754
1934 1286 1352 4 24 35.033
1935 1286 1352 4 22 32.3894
1936 1286 1352 4 29 30.7478
1937 1286 1352 4 15 17.9051
1938 1286 1352 4 23 35.514
1939 1286 1352 4 20 17.2467
1940 1286 1352 4 20 21.8741
1941 1286 1352 4 17 12.1884
1942 1286 1352 4 19 16.4997
1943 1286 1352 4 15 10.7414
1944 1286 1352 4 20 12.3091
1945 1275 1747 4 13 9.9811
1946 1275 1747 4 16 15.5439
1947 1275 1747 4 22 16.3313
1948 1275 1747 4 22 25.4722
1949 1275 1747 4 19 22.3544
1950 1275 1747 4 21 21.8994
1951 1275 1747 4 21 19.2515
1952 1275 1747 4 22 15.8413
1953 1275 1747 4 18 14.3545
1954 1275 1747 4 24 22.1042
1955 1275 1747 4 22 22.6111
1956 1275 1747 4 24 18.9793
1957 1275 1747 4 22 24.6388
1958 1275 1747 4 24 16.0109
1959 1275 1747 4 16 15.7404
1960 1275 1747 4 18 23.2967
1961 1275 1747 4 23 25.9377
1962 1275 1747 4 20 27.1469
1963 1275 1747 4 22 12.0812
1964 1275 1747 4 23 13.446
1965 1275 1747 4 18 15.7469
1966 1275 1747 4 26 28.9267
1967 1275 1747 4 21 19.99
1968 1275 1747 4 15 4.6179
1969 1275 1747 4 20 21.1353
1970 1275 1747 4 26 20.3327
1971 1275 1747 4 21 21.362
1972 1275 1747 4 20 24.5947
1973 1275 1747 4 22 39.9253
1974 1275 1747 4 20 24.1306
1975 1275 1747 4 23 20.6351
1976 1275 1747 4 17 22.0962
1977 1275 1747 4 19 14.1935
1978 1275 1747 4 17 21.0491
1979 1275 1747 4 23 21.0022
1980 1275 1747 4 22 18.4226
1981 1275 1747 4 28 23.3313
1982 1275 1747 4 16 16.4219
1983 1275 1747 4 15 17.7394
1984 1275 1747 4 20 14.5727
1985 1275 1747 4 24 25.4969
1986 1275 1747 4 18 16.8815
1987 1275 1747 4 17 15.7959
1988 1275 1747 4 22 22.0097
1989 1275 1747 4 18 20.5315
1990 1275 1747 4 12 2.0256
1991 1275 1747 4 22 23.5067
1992 1275 1747 4 22 27.4491
1993 1466 1320 4 26 17.1365
1994 1466 1320 4 21 19.2504
1995 1466 1320 4 23 10.773
1996 1466 1320 4 16 15.2957
1997 1466 1320 4 15 17.3193
1998 1466 1320 4 24 26.19
1999 1466 1320 4 18 4.1737
2000 1466 1320 4 20 13.3804
2001 1466 1320 4 21 25.5113
2002 1466 1320 4 21 15.144
2003 1466 1320 4 22 20.5969
2004 1466 1320 4 22 14.1714
2005 1466 1320 4 27 30.6796
2006 1466 1320 4 16 11.497
2007 1466 1320 4 19 26.4318
2008 1466 1320 4 25 22.0093
2009 1466 1320 4 26 23.0441
2010 1466 1320 4 24 29.4402
2011 1466 1320 4 25 28.0492
2012 1466 1320 4 20 8.9695
2013 1466 1320 4 21 24.7074
2014 1466 1320 4 18 10.2587
2015 1466 1320 4 24 20.772
2016 1466 1320 4 21 17.4907
2017 1466 1320 4 18 15.4693
2018 1466 1320 4 24 33.2519
2019 1466 1320 4 27 34.5104
2020 1466 1320 4 25 26.5823
2021 1466 1320 4 24 19.1005
2022 1466 1320 4 26 26.0784
2023 1466 1320 4 20 12.0325
2024 1466 1320 4 28 21.1518
2025 1466 1320 4 24 23.216
2026 1466 1320 4 24 21.8929
2027 1466 1320 4 21 36.7597
2028 1466 1320 4 18 27.3577
2029 1466 1320 4 24 25.8026
2030 1466 1320 4 20 19.8091
2031 1466 1320 4 24 22.7383
2032 1466 1320 4 26 15.1679
2033 1466 1320 4 23 30.4363
2034 1466 1320 4 25 27.1165
2035 1466 1320 4 22 25.2366
2036 1466 1320 4 21 29.0167
2037 1466 1320 4 19 25.4896
2038 1466 1320 4 23 16.0061
2039 1466 1320 4 23 25.2377
2040 1466 1320 4 23 24.2812
2041 1571 1345 4 21 9.5952
2042 1571 1345 4 18 16.6203
2043 1571 1345 4 25 19.67
2044 1571 1345 4 19 8.2514
2045 1571 1345 4 14 20.1956
2046 1571 1345 4 20 15.1592
2047 1571 1345 4 17 11.7458
2048 1571 1345 4 20 9.2798
2049 1571 1345 4 19 23.2107
2050 1571 1345 4 15 12.2991
2051 1571 1345 4 18 24.9737
2052 1571 1345 4 24 13.0231
2053 1571 1345 4 20 19.5605
2054 1571 1345 4 22 24.2274
2055 1571 1345 4 17 12.4783
2056 1571 1345 4 20 21.3648
2057 1571 1345 4 17 12.5631
2058 1571 1345 4 21 16.9388
2059 1571 1345 4 25 32.2163
2060 1571 1345 4 19 22.4934
2061 1571 1345 4 16 20.8018
2062 1571 1345 4 21 16.7201
2063 1571 1345 4 19 16.2613
2064 1571 1345 4 25 31.0315
2065 1571 1345 4 20 17.3912
2066 1571 1345 4 17 24.9759
2067 1571 1345 4 23 30.1777
2068 1571 1345 4 21 27.2793
2069 1571 1345 4 15 12.3443
2070 1571 1345 4 16 18.7178
2071 1571 1345 4 15 18.7568
2072 1571 1345 4 21 22.1795
2073 1571 1345 4 21 21.1702
2074 1571 1345 4 15 17.987
2075 1571 1345 4 22 19.5372
2076 1571 1345 4 25 27.5072
2077 1571 1345 4 19 20.5356
2078 1571 1345 4 20 19.7013
2079 1571 1345 4 24 18.3441
2080 1571 1345 4 22 21.0178
2081 1571 1345 4 13 11.0492
2082 1571 1345 4 18 18.5764
2083 1571 1345 4 17 18.5001
2084 1571 1345 4 15 21.1736
2085 1571 1345 4 21 18.4499
2086 1571 1345 4 18 27.8018
2087 1571 1345 4 23 17.865
2088 1571 1345 4 21 16.3
2089 1625 1600 4 25 24.7672
2090 1625 1600 4 19 28.6828
2091 1625 1600 4 23 23.4787
2092 1625 1600 4 18 24.7471
2093 1625 1600 4 24 20.6694
2094 1625 1600 4 19 23.5595
2095 1625 1600 4 14 22.4606
2096 1625 1600 4 31 22.4243
2097 1625 1600 4 22 18.638
2098 1625 1600 4 25 25.4342
2099 1625 1600 4 20 23.1936
2100 1625 1600 4 19 17.6032
2101 1625 1600 4 11 12.0104
2102 1625 1600 4 24 34.3258
2103 1625 1600 4 20 21.9243
2104 1625 1600 4 27 23.8014
2105 1625 1600 4 16 21.5398
2106 1625 1600 4 19 23.5886
2107 1625 1600 4 13 8.5056
2108 1625 1600 4 20 26.0434
2109 1625 1600 4 22 18.2918
2110 1625 1600 4 21 28.3653
2111 1625 1600 4 17 14.3758
2112 1625 1600 4 22 19.4279
2113 1625 1600 4 25 23.4451
2114 1625 1600 4 21 18.0859
2115 1625 1600 4 19 17.6992
2116 1625 1600 4 13 4.9527
2117 1625 1600 4 19 18.4454
2118 1625 1600 4 20 13.963
2119 1625 1600 4 22 35.7478
2120 1625 1600 4 26 36.106
2121 1625 1600 4 18 18.0986
2122 1625 1600 4 15 14.7052
2123 1625 1600 4 20 12.7023
2124 1625 1600 4 23 20.1931
2125 1625 1600 4 15 17.0001
2126 1625 1600 4 25 24.2338
2127 1625 1600 4 16 16.512
2128 1625 1600 4 26 30.5101
2129 1625 1600 4 22 14.654
2130 1625 1600 4 21 21.3629
2131 1625 1600 4 24 23.2339
2132 1625 1600 4 26 34.1105
2133 1625 1600 4 21 17.2232
2134 1625 1600 4 17 3.9583
2135 1625 1600 4 22 26.8608
2136 1625 1600 4 17 21.2789
2137 1191 1508 4 11 1.8793
2138 1191 1508 4 25 20.3049
2139 1191 1508 4 18 18.7675
2140 1191 1508 4 18 17.2594
2141 1191 1508 4 23 11.7194
2142 1191 1508 4 20 16.1595
2143 1191 1508 4 13 7.3813
2144 1191 1508 4 17 13.9606
2145 1191 1508 4 13 15.6612
2146 1191 1508 4 17 15.3138
2147 1191 1508 4 18 12.1222
2148 1191 1508 4 19 22.4423
2149 1191 1508 4 12 18.0072
2150 1191 1508 4 17 17.5104
2151 1191 1508 4 21 18.9985
2152 1191 1508 4 15 23.369
2153 1191 1508 4 11 1.6194
2154 1191 1508 4 19 32.5198
2155 1191 1508 4 16 4.274
2156 1191 1508 4 22 17.023
2157 1191 1508 4 17 16.185
2158 1191 1508 4 15 11.0554
2159 1191 1508 4 16 5.9041
2160 1191 1508 4 17 15.5904
2161 1191 1508 4 17 10.8978
2162 1191 1508 4 14 13.9131
2163 1191 1508 4 17 16.3254
2164 1191 1508 4 15 26.8348
2165 1191 1508 4 21 20.9664
2166 1191 1508 4 14 8.6794
2167 1191 1508 4 11 11.625
2168 1191 1508 4 16 5.2992
2169 1191 1508 4 14 17.1549
2170 1191 1508 4 10 18.2024
2171 1191 1508 4 16 17.956
2172 1191 1508 4 19 24.8935
2173 1191 1508 4 21 22.43
2174 1191 1508 4 19 12.4375
2175 1191 1508 4 19 19.5909
2176 1191 1508 4 18 24.3401
2177 1191 1508 4 17 27.8761
2178 1191 1508 4 19 21.796
2179 1191 1508 4 17 25.6115
2180 1191 1508 4 19 21.152
2181 1191 1508 4 15 5.6894
2182 1191 1508 4 17 23.3155
2183 1191 1508 4 22 19.6214
2184 1191 1508 4 14 20.5874
2185 1487 1201 4 29 32.4724
2186 1487 1201 4 24 14.8584
2187 1487 1201 4 25 15.9734
2188 1487 1201 4 28 16.068
2189 1487 1201 4 25 24.1131
2190 1487 1201 4 27 20.0834
2191 1487 1201 4 27 28.0041
2192 1487 1201 4 23 22.3448
2193 1487 1201 4 28 25.977
2194 1487 1201 4 27 39.706
2195 1487 1201 4 25 28.1689
2196 1487 1201 4 27 40.6685
2197 1487 1201 4 29 36.7597
2198 1487 1201 4 23 10.7192
2199 1487 1201 4 28 41.5901
2200 1487 1201 4 24 32.7079
2201 1487 1201 4 24 20.803
2202 1487 1201 4 29 26.1473
2203 1487 1201 4 25 21.5534
2204 1487 1201 4 25 23.0278
2205 1487 1201 4 25 25.543
2206 1487 1201 4 26 33.0105
2207 1487 1201 4 27 25.716
2208 1487 1201 4 25 33.4811
2209 1487 1201 4 24 20.403
2210 1487 1201 4 29 25.5355
2211 1487 1201 4 29 32.6943
2212 1487 1201 4 27 29.8827
2213 1487 1201 4 26 28.3929
2214 1487 1201 4 20 19.6685
2215 1487 1201 4 22 29.766
2216 1487 1201 4 30 31.2429
2217 1487 1201 4 30 21.9809
2218 1487 1201 4 30 25.0416
2219 1487 1201 4 24 21.1351
2220 1487 1201 4 27 32.0662
2221 1487 1201 4 27 24.8782
2222 1487 1201 4 28 29.1134
2223 1487 1201 4 24 15.2257
2224 1487 1201 4 26 27.855
2225 1487 1201 4 27 31.9508
2226 1487 1201 4 23 27.8164
2227 1487 1201 4 29 30.5735
2228 1487 1201 4 24 22.1809
2229 1487 1201 4 22 18.6574
2230 1487 1201 4 24 22.4962
2231 1487 1201 4 28 34.0868
2232 1487 1201 4 29 32.2379
2233 1612 1308 4 13 13.3203
2234 1612 1308 4 11 4.6405
2235 1612 1308 4 13 8.3144
2236 1612 1308 4 7 -6.6845
2237 1612 1308 4 13 1.6238
2238 1612 1308 4 10 15.327
2239 1612 1308 4 11 17.3974
2240 1612 1308 4 10 6.2031
2241 1612 1308 4 20 9.2635
2242 1612 1308 4 12 15.5964
2243 1612 1308 4 16 18.2533
2244 1612 1308 4 12 12.4157
2245 1612 1308 4 20 19.1224
2246 1612 1308 4 10 2.6424
2247 1612 1308 4 23 26.3251
2248 1612 1308 4 14 9.815
2249 1612 1308 4 9 13.3243
2250 1612 1308 4 19 20.5132
2251 1612 1308 4 22 26.4792
2252 1612 1308 4 16 14.867
2253 1612 1308 4 14 5.0085
2254 1612 1308 4 15 20.1311
2255 1612 1308 4 22 18.5746
2256 1612 1308 4 20 21.3758
2257 1612 1308 4 10 9.5479
2258 1612 1308 4 10 16.2392
2259 1612 1308 4 20 21.6659
2260 1612 1308 4 12 5.6919
2261 1612 1308 4 13 8.95
2262 1612 1308 4 18 23.5741
2263 1612 1308 4 14 14.2522
2264 1612 1308 4 7 7.3705
2265 1612 1308 4 14 12.4048
2266 1612 1308 4 19 15.6535
2267 1612 1308 4 6 4.5932
2268 1612 1308 4 8 6.9678
2269 1612 1308 4 12 11.1777
2270 1612 1308 4 18 19.6132
2271 1612 1308 4 18 17.6858
2272 1612 1308 4 14 12.3287
2273 1612 1308 4 15 14.3171
2274 1612 1308 4 19 19.482
2275 1612 1308 4 18 9.0576
2276 1612 1308 4 23 29.9197
2277 1612 1308 4 17 22.5464
2278 1612 1308 4 15 11.1762
2279 1612 1308 4 15 13.1917
2280 1612 1308 4 19 14.8944
2281 1421 1500 4 21 20.9736
2282 1421 1500 4 21 29.396
2283 1421 1500 4 28 36.5715
2284 1421 1500 4 20 10.9201
2285 1421 1500 4 25 14.9559
2286 1421 1500 4 21 16.5801
2287 1421 1500 4 26 30.0564
2288 1421 1500 4 25 19.4417
2289 1421 1500 4 24 33.5344
2290 1421 1500 4 25 35.4677
2291 1421 1500 4 22 10.2711
2292 1421 1500 4 22 11.7813
2293 1421 1500 4 24 24.3087
2294 1421 1500 4 25 24.6407
2295 1421 1500 4 31 26.086
2296 1421 1500 4 28 37.8139
2297 1421 1500 4 30 30.3194
2298 1421 1500 4 25 26.4644
2299 1421 1500 4 25 25.9191
2300 1421 1500 4 29 27.3887
2301 1421 1500 4 20 23.4078
2302 1421 1500 4 17 16.7344
2303 1421 1500 4 21 24.6417
2304 1421 1500 4 23 27.9273
2305 1421 1500 4 24 16.8105
2306 1421 1500 4 24 27.7472
2307 1421 1500 4 25 16.4978
2308 1421 1500 4 20 23.0214
2309 1421 1500 4 21 35.0665
2310 1421 1500 4 25 25.5779
2311 1421 1500 4 29 32.1094
2312 1421 1500 4 21 24.4531
2313 1421 1500 4 27 28.9419
2314 1421 1500 4 29 30.4541
2315 1421 1500 4 31 33.6613
2316 1421 1500 4 21 10.757
2317 1421 1500 4 21 32.3833
2318 1421 1500 4 26 34.1373
2319 1421 1500 4 32 24.1143
2320 1421 1500 4 26 22.9301
2321 1421 1500 4 29 24.1105
2322 1421 1500 4 25 33.9347
2323 1421 1500 4 23 25.571
2324 1421 1500 4 28 19.5192
2325 1421 1500 4 29 19.3926
2326 1421 1500 4 25 26.4444
2327 1421 1500 4 26 31.775
2328 1421 1500 4 21 13.1835
